Level,Cantrips Known,Spells Known,1st,2nd,3rd,4th,5th,6th,7th,8th,9th
1,4,2,2,0,0,0,0,0,0,0,0
2,4,3,3,0,0,0,0,0,0,0,0
3,4,4,4,2,0,0,0,0,0,0,0
4,5,5,4,3,0,0,0,0,0,0,0
5,5,6,4,3,2,0,0,0,0,0,0
6,5,7,4,3,3,0,0,0,0,0,0
7,5,8,4,3,3,1,0,0,0,0,0
8,5,9,4,3,3,2,0,0,0,0,0
9,5,10,4,3,3,3,1,0,0,0,0
10,6,11,4,3,3,3,2,0,0,0,0
11,6,12,4,3,3,3,2,1,0,0,0
12,6,12,4,3,3,3,2,1,0,0,0
13,6,13,4,3,3,3,2,1,1,0,0
14,6,13,4,3,3,3,2,1,1,0,0
15,6,14,4,3,3,3,2,1,1,1,0
16,6,14,4,3,3,3,2,1,1,1,0
17,6,15,4,3,3,3,2,1,1,1,1
18,6,15,4,3,3,3,3,1,1,1,1
19,6,15,4,3,3,3,3,2,1,1,1
20,6,15,4,3,3,3,3,2,2,1,1